x narrow broad
-4 0.00531620625 0.0623998932
-3.975 0.00591301369 0.0629924975
-3.95 0.00656612479 0.0635851106
-3.925 0.0072795443 0.0641776438
-3.9 0.00805741535 0.0647700079
-3.875 0.0089040081 0.0653621139
-3.85 0.00982370636 0.0659538726
-3.825 0.0108209922 0.0665451946
-3.8 0.0119004284 0.0671359907
-3.775 0.0130666387 0.0677261716
-3.75 0.014324286 0.0683156483
-3.725 0.0156780485 0.0689043317
-3.7 0.0171325936 0.0694921329
-3.675 0.0186925498 0.0700789632
-3.65 0.0203624774 0.0706647341
-3.625 0.0221468363 0.0712493575
-3.6 0.0240499534 0.0718327456
-3.575 0.026075988 0.0724148107
-3.55 0.0282288961 0.0729954657
-3.525 0.0305123941 0.073574624
-3.5 0.0329299217 0.0741521993
-3.475 0.0354846047 0.0747281059
-3.45 0.0381792173 0.0753022585
-3.425 0.0410161453 0.0758745726
-3.4 0.0439973502 0.0764449641
-3.375 0.0471243333 0.0770133498
-3.35 0.0503981026 0.0775796468
-3.325 0.0538191405 0.0781437734
-3.3 0.0573873741 0.0787056482
-3.275 0.0611021479 0.079265191
-3.25 0.0649621999 0.0798223221
-3.225 0.0689656396 0.0803769629
-3.2 0.0731099311 0.0809290355
-3.175 0.0773918788 0.0814784631
-3.15 0.0818076177 0.0820251698
-3.125 0.0863526076 0.0825690805
-3.1 0.0910216317 0.0831101215
-3.075 0.0958088001 0.0836482199
-3.05 0.100707557 0.0841833038
-3.025 0.105710694 0.0847153026
-3 0.110810365 0.0852441468
-2.975 0.11599811 0.085769768
-2.95 0.12126488 0.0862920989
-2.925 0.126601063 0.0868110736
-2.9 0.131996525 0.0873266274
-2.875 0.137440642 0.0878386967
-2.85 0.142922341 0.0883472193
-2.825 0.148430148 0.0888521343
-2.8 0.153952229 0.0893533822
-2.775 0.159476443 0.0898509046
-2.75 0.16499039 0.0903446446
-2.725 0.170481466 0.0908345468
-2.7 0.175936911 0.0913205569
-2.675 0.18134387 0.0918026223
-2.65 0.186689438 0.0922806916
-2.625 0.191960723 0.0927547149
-2.6 0.19714489 0.0932246438
-2.575 0.202229218 0.0936904313
-2.55 0.20720115 0.0941520318
-2.525 0.212048337 0.0946094013
-2.5 0.216758693 0.0950624971
-2.475 0.221320431 0.0955112782
-2.45 0.225722109 0.0959557049
-2.425 0.22995267 0.0963957391
-2.4 0.234001477 0.096831344
-2.375 0.237858347 0.0972624847
-2.35 0.241513582 0.0976891274
-2.325 0.244957999 0.0981112398
-2.3 0.248182953 0.0985287914
-2.275 0.251180362 0.0989417529
-2.25 0.253942728 0.0993500965
-2.225 0.25646315 0.0997537961
-2.2 0.258735345 0.100152827
-2.175 0.26075366 0.100547165
-2.15 0.262513083 0.10093679
-2.125 0.26400925 0.10132168
-2.1 0.265238459 0.101701816
-2.075 0.266197671 0.102077181
-2.05 0.266884517 0.102447759
-2.025 0.267297304 0.102813534
-2 0.267435013 0.103174494
-1.975 0.267297306 0.103530626
-1.95 0.266884522 0.10388192
-1.925 0.266197678 0.104228365
-1.9 0.265238469 0.104569955
-1.875 0.264009264 0.104906681
-1.85 0.262513101 0.105238538
-1.825 0.260753683 0.105565522
-1.8 0.258735375 0.10588763
-1.775 0.256463187 0.106204859
-1.75 0.253942775 0.106517209
-1.725 0.251180422 0.10682468
-1.7 0.248183027 0.107127273
-1.675 0.244958091 0.10742499
-1.65 0.241513697 0.107717836
-1.625 0.237858491 0.108005814
-1.6 0.234001656 0.108288929
-1.575 0.229952892 0.10856719
-1.55 0.225722383 0.108840601
-1.525 0.221320769 0.109109173
-1.5 0.21675911 0.109372913
-1.475 0.212048851 0.109631832
-1.45 0.207201781 0.109885941
-1.425 0.202229993 0.11013525
-1.4 0.197145839 0.110379771
-1.375 0.191961883 0.110619519
-1.35 0.186690854 0.110854506
-1.325 0.181345595 0.111084745
-1.3 0.17593901 0.111310253
-1.275 0.170484014 0.111531043
-1.25 0.164993479 0.111747132
-1.225 0.15948018 0.111958536
-1.2 0.153956743 0.112165272
-1.175 0.148435592 0.112367355
-1.15 0.142928895 0.112564805
-1.125 0.137448517 0.112757637
-1.1 0.132005973 0.112945871
-1.075 0.126612379 0.113129525
-1.05 0.121278409 0.113308616
-1.025 0.116014258 0.113483164
-1 0.110829606 0.113653186
-0.975 0.10573358 0.113818703
-0.95 0.100734733 0.113979733
-0.925 0.0958410156 0.114136294
-0.9 0.0910597557 0.114288406
-0.875 0.0863976468 0.114436087
-0.85 0.0818607358 0.114579357
-0.825 0.0774544183 0.114718234
-0.8 0.0731834378 0.114852736
-0.775 0.0690518899 0.114982882
-0.75 0.0650632312 0.115108691
-0.725 0.0612202925 0.115230179
-0.7 0.0575252963 0.115347365
-0.675 0.0539798784 0.115460267
-0.65 0.0505851132 0.1155689
-0.625 0.0473415428 0.115673282
-0.6 0.0442492087 0.11577343
-0.575 0.041307687 0.115869358
-0.55 0.0385161252 0.115961083
-0.525 0.0358732821 0.11604862
-0.5 0.0333775686 0.116131983
-0.475 0.03102709 0.116211186
-0.45 0.0288196896 0.116286242
-0.425 0.026752992 0.116357165
-0.4 0.0248244478 0.116423967
-0.375 0.0230313767 0.11648666
-0.35 0.0213710109 0.116545254
-0.325 0.0198405375 0.11659976
-0.3 0.0184371394 0.116650189
-0.275 0.0171580348 0.116696548
-0.25 0.016000515 0.116738848
-0.225 0.0149619799 0.116777095
-0.2 0.0140399712 0.116811297
-0.175 0.0132322035 0.11684146
-0.15 0.0125365918 0.11686759
-0.125 0.0119512772 0.116889691
-0.1 0.0114746486 0.116907768
-0.075 0.0111053615 0.116921825
-0.05 0.0108423541 0.116931863
-0.025 0.0106848591 0.116937885
0 0.0106324125 0.116939893
0.025 0.0106848591 0.116937885
0.05 0.0108423541 0.116931863
0.075 0.0111053615 0.116921825
0.1 0.0114746486 0.116907768
0.125 0.0119512772 0.116889691
0.15 0.0125365918 0.11686759
0.175 0.0132322035 0.11684146
0.2 0.0140399712 0.116811297
0.225 0.0149619799 0.116777095
0.25 0.016000515 0.116738848
0.275 0.0171580348 0.116696548
0.3 0.0184371394 0.116650189
0.325 0.0198405375 0.11659976
0.35 0.0213710109 0.116545254
0.375 0.0230313767 0.11648666
0.4 0.0248244478 0.116423967
0.425 0.026752992 0.116357165
0.45 0.0288196896 0.116286242
0.475 0.03102709 0.116211186
0.5 0.0333775686 0.116131983
0.525 0.0358732821 0.11604862
0.55 0.0385161252 0.115961083
0.575 0.041307687 0.115869358
0.6 0.0442492087 0.11577343
0.625 0.0473415428 0.115673282
0.65 0.0505851132 0.1155689
0.675 0.0539798784 0.115460267
0.7 0.0575252963 0.115347365
0.725 0.0612202925 0.115230179
0.75 0.0650632312 0.115108691
0.775 0.0690518899 0.114982882
0.8 0.0731834378 0.114852736
0.825 0.0774544183 0.114718234
0.85 0.0818607358 0.114579357
0.875 0.0863976468 0.114436087
0.9 0.0910597557 0.114288406
0.925 0.0958410156 0.114136294
0.95 0.100734733 0.113979733
0.975 0.10573358 0.113818703
1 0.110829606 0.113653186
1.025 0.116014258 0.113483164
1.05 0.121278409 0.113308616
1.075 0.126612379 0.113129525
1.1 0.132005973 0.112945871
1.125 0.137448517 0.112757637
1.15 0.142928895 0.112564805
1.175 0.148435592 0.112367355
1.2 0.153956743 0.112165272
1.225 0.15948018 0.111958536
1.25 0.164993479 0.111747132
1.275 0.170484014 0.111531043
1.3 0.17593901 0.111310253
1.325 0.181345595 0.111084745
1.35 0.186690854 0.110854506
1.375 0.191961883 0.110619519
1.4 0.197145839 0.110379771
1.425 0.202229993 0.11013525
1.45 0.207201781 0.109885941
1.475 0.212048851 0.109631832
1.5 0.21675911 0.109372913
1.525 0.221320769 0.109109173
1.55 0.225722383 0.108840601
1.575 0.229952892 0.10856719
1.6 0.234001656 0.108288929
1.625 0.237858491 0.108005814
1.65 0.241513697 0.107717836
1.675 0.244958091 0.10742499
1.7 0.248183027 0.107127273
1.725 0.251180422 0.10682468
1.75 0.253942775 0.106517209
1.775 0.256463187 0.106204859
1.8 0.258735375 0.10588763
1.825 0.260753683 0.105565522
1.85 0.262513101 0.105238538
1.875 0.264009264 0.104906681
1.9 0.265238469 0.104569955
1.925 0.266197678 0.104228365
1.95 0.266884522 0.10388192
1.975 0.267297306 0.103530626
2 0.267435013 0.103174494
2.025 0.267297304 0.102813534
2.05 0.266884517 0.102447759
2.075 0.266197671 0.102077181
2.1 0.265238459 0.101701816
2.125 0.26400925 0.10132168
2.15 0.262513083 0.10093679
2.175 0.26075366 0.100547165
2.2 0.258735345 0.100152827
2.225 0.25646315 0.0997537961
2.25 0.253942728 0.0993500965
2.275 0.251180362 0.0989417529
2.3 0.248182953 0.0985287914
2.325 0.244957999 0.0981112398
2.35 0.241513582 0.0976891274
2.375 0.237858347 0.0972624847
2.4 0.234001477 0.096831344
2.425 0.22995267 0.0963957391
2.45 0.225722109 0.0959557049
2.475 0.221320431 0.0955112782
2.5 0.216758693 0.0950624971
2.525 0.212048337 0.0946094013
2.55 0.20720115 0.0941520318
2.575 0.202229218 0.0936904313
2.6 0.19714489 0.0932246438
2.625 0.191960723 0.0927547149
2.65 0.186689438 0.0922806916
2.675 0.18134387 0.0918026223
2.7 0.175936911 0.0913205569
2.725 0.170481466 0.0908345468
2.75 0.16499039 0.0903446446
2.775 0.159476443 0.0898509046
2.8 0.153952229 0.0893533822
2.825 0.148430148 0.0888521343
2.85 0.142922341 0.0883472193
2.875 0.137440642 0.0878386967
2.9 0.131996525 0.0873266274
2.925 0.126601063 0.0868110736
2.95 0.12126488 0.0862920989
2.975 0.11599811 0.085769768
3 0.110810365 0.0852441468
3.025 0.105710694 0.0847153026
3.05 0.100707557 0.0841833038
3.075 0.0958088001 0.0836482199
3.1 0.0910216317 0.0831101215
3.125 0.0863526076 0.0825690805
3.15 0.0818076177 0.0820251698
3.175 0.0773918788 0.0814784631
3.2 0.0731099311 0.0809290355
3.225 0.0689656396 0.0803769629
3.25 0.0649621999 0.0798223221
3.275 0.0611021479 0.079265191
3.3 0.0573873741 0.0787056482
3.325 0.0538191405 0.0781437734
3.35 0.0503981026 0.0775796468
3.375 0.0471243333 0.0770133498
3.4 0.0439973502 0.0764449641
3.425 0.0410161453 0.0758745726
3.45 0.0381792173 0.0753022585
3.475 0.0354846047 0.0747281059
3.5 0.0329299217 0.0741521993
3.525 0.0305123941 0.073574624
3.55 0.0282288961 0.0729954657
3.575 0.026075988 0.0724148107
3.6 0.0240499534 0.0718327456
3.625 0.0221468363 0.0712493575
3.65 0.0203624774 0.0706647341
3.675 0.0186925498 0.0700789632
3.7 0.0171325936 0.0694921329
3.725 0.0156780485 0.0689043317
3.75 0.014324286 0.0683156483
3.775 0.0130666387 0.0677261716
3.8 0.0119004284 0.0671359907
3.825 0.0108209922 0.0665451946
3.85 0.00982370636 0.0659538726
3.875 0.0089040081 0.0653621139
3.9 0.00805741535 0.0647700079
3.925 0.0072795443 0.0641776438
3.95 0.00656612479 0.0635851106
3.975 0.00591301369 0.0629924975
4 0.00531620625 0.0623998932
