x first second mixture gammaone gammatwo
-4 0.00221592421 7.43359757e-07 0.00221666757 0.99966465 0.00033535013
-3.975 0.00238776329 8.4207377e-07 0.00238860536 0.999647462 0.000352537838
-3.95 0.00257132046 9.53300452e-07 0.00257227376 0.999629394 0.000370606141
-3.925 0.00276725835 1.07854439e-06 0.0027683369 0.9996104 0.000389600121
-3.9 0.00297626621 1.21948037e-06 0.00297748569 0.999590433 0.000409567165
-3.875 0.00319906016 1.3779713e-06 0.00320043813 0.999569443 0.000430557081
-3.85 0.00343638335 1.55608779e-06 0.00343793943 0.999547378 0.000452622223
-3.825 0.00368900607 1.75612968e-06 0.0036907622 0.999524182 0.000475817619
-3.8 0.00395772579 1.98064955e-06 0.00395970644 0.999499799 0.000500201107
-3.775 0.00424336703 2.23247837e-06 0.00424559951 0.999474167 0.000525833481
-3.75 0.00454678125 2.51475364e-06 0.004549296 0.999447221 0.000552778637
-3.725 0.00486884657 2.83095e-06 0.00487167752 0.999418896 0.000581103734
-3.7 0.00521046741 3.18491259e-06 0.00521365232 0.999389121 0.000610879359
-3.675 0.005572574 3.58089348e-06 0.00557615489 0.99935782 0.000642179701
-3.65 0.0059561218 4.02359123e-06 0.0059601454 0.999324917 0.000675082731
-3.625 0.0063620908 4.51819394e-06 0.00636660899 0.99929033 0.000709670399
-3.6 0.00679148462 5.07042603e-06 0.00679655504 0.999253971 0.000746028834
-3.575 0.00724532958 5.68659894e-06 0.00725101618 0.999215751 0.000784248553
-3.55 0.00772467357 6.37366619e-06 0.00773104723 0.999175575 0.000824424686
-3.525 0.00823058477 7.13928295e-06 0.00823772405 0.999133343 0.000866657211
-3.5 0.00876415025 7.99187055e-06 0.00877214212 0.999088949 0.000911051194
-3.475 0.0093264744 8.94068622e-06 0.00933541508 0.999042283 0.000957717052
-3.45 0.0099186772 9.99589835e-06 0.00992867309 0.998993229 0.00100677082
-3.425 0.0105418923 1.11686678e-05 0.010553061 0.998941666 0.00105833443
-3.4 0.0111972651 1.24712356e-05 0.0112097364 0.998887464 0.00111253603
-3.375 0.0118859504 1.39170171e-05 0.0118998674 0.99883049 0.00116951027
-3.35 0.01260911 1.55207035e-05 0.0126246307 0.998770601 0.00122939862
-3.325 0.0133679101 1.72983712e-05 0.0133852085 0.99870765 0.00129234978
-3.3 0.0141635189 1.92675984e-05 0.0141827865 0.99864148 0.00135851995
-3.275 0.0149971032 2.14475913e-05 0.0150185508 0.998571927 0.00142807329
-3.25 0.0158698259 2.38593183e-05 0.0158936852 0.998498818 0.00150118226
-3.225 0.0167828422 2.65256541e-05 0.0168093678 0.998421972 0.00157802806
-3.2 0.0177372964 2.94715339e-05 0.017766768 0.998341199 0.00165880108
-3.175 0.0187343187 3.27241175e-05 0.0187670428 0.998256299 0.00174370133
-3.15 0.0197750208 3.63129652e-05 0.0198113338 0.998167061 0.00183293894
-3.125 0.0208604926 4.02702243e-05 0.0209007629 0.998073265 0.00192673466
-3.1 0.021991798 4.46308286e-05 0.0220364288 0.99797468 0.00202532039
-3.075 0.0231699705 4.94327097e-05 0.0232194032 0.99787106 0.00212893972
-3.05 0.0243960093 5.47170217e-05 0.0244507263 0.997762151 0.00223784852
-3.025 0.0256708746 6.05283799e-05 0.025731403 0.997647684 0.00235231557
-3 0.0269954833 6.69151129e-05 0.0270623984 0.997527377 0.00247262316
-2.975 0.028370704 7.39295301e-05 0.0284446336 0.997400932 0.00259906776
-2.95 0.029797353 8.16282044e-05 0.0298789812 0.997268039 0.00273196076
-2.925 0.0312761887 9.00722696e-05 0.031366261 0.997128371 0.00287162916
-2.9 0.0328079074 9.93277357e-05 0.0329072351 0.996981584 0.00301841632
-2.875 0.0343931379 0.000109465819 0.0345026037 0.996827317 0.00317268284
-2.85 0.0360324372 0.00012056329 0.0361530005 0.996665193 0.00333480731
-2.825 0.037726285 0.00013270284 0.0378589878 0.996494813 0.00350518722
-2.8 0.0394750792 0.000145973463 0.0396210526 0.99631576 0.0036842399
-2.775 0.0412791308 0.000160470856 0.0414396017 0.996127597 0.00387240344
-2.75 0.0431386594 0.000176297841 0.0433149573 0.995929862 0.00407013772
-2.725 0.045053788 0.000193564801 0.0452473528 0.995722075 0.00427792542
-2.7 0.0470245387 0.000212390135 0.0472369288 0.995503727 0.00449627316
-2.675 0.0490508279 0.000232900738 0.0492837287 0.995274287 0.0047257126
-2.65 0.0511324623 0.000255232487 0.0513876948 0.995033198 0.00496680165
-2.625 0.0532691341 0.000279530761 0.0535486648 0.994779874 0.00522012569
-2.6 0.0554604173 0.000305950965 0.0557663683 0.994513701 0.0054862989
-2.575 0.057705764 0.000334659081 0.0580404231 0.994234034 0.00576596556
-2.55 0.0600045003 0.000365832231 0.0603703326 0.993940199 0.00605980149
-2.525 0.0623558233 0.000399659264 0.0627554826 0.993631484 0.00636851551
-2.5 0.0647587978 0.000436341348 0.0651951392 0.993307149 0.00669285092
-2.475 0.0672123537 0.000476092586 0.0676884463 0.992966413 0.00703358715
-2.45 0.0697152832 0.000519140648 0.0702344239 0.992608459 0.00739154134
-2.425 0.0722662392 0.000565727404 0.0728319666 0.99223243 0.00776757008
-2.4 0.0748637328 0.000616109584 0.0754798424 0.991837429 0.00816257115
-2.375 0.0775061327 0.000670559437 0.0781766922 0.991422515 0.00857748541
-2.35 0.0801916637 0.000729365402 0.0809210291 0.990986701 0.00901329865
-2.325 0.0829184061 0.000792832792 0.0837112389 0.990528956 0.00947104358
-2.3 0.085684296 0.00086128447 0.0865455805 0.990048198 0.00995180187
-2.275 0.0884871254 0.000935061539 0.0894221869 0.989543294 0.0104567062
-2.25 0.0913245427 0.00101452403 0.0923390667 0.989013057 0.0109869426
-2.225 0.0941940546 0.00110005158 0.0952941062 0.988456248 0.0115437525
-2.2 0.0970930275 0.0011920441 0.0982850716 0.987871565 0.012128435
-2.175 0.10001869 0.00129092248 0.101309612 0.987257651 0.0127423495
-2.15 0.102968134 0.00139712921 0.104365264 0.986613082 0.0133869178
-2.125 0.105938323 0.00151112902 0.107449452 0.985936373 0.014063627
-2.1 0.108926089 0.00163340953 0.110559498 0.985225968 0.0147740317
-2.075 0.111928141 0.00176448183 0.113692623 0.984480243 0.0155197566
-2.05 0.11494107 0.00190488105 0.116845951 0.983697501 0.0163024994
-2.025 0.117961354 0.00205516691 0.120016521 0.982875967 0.0171240333
-2 0.120985362 0.00221592421 0.123201286 0.98201379 0.01798621
-1.975 0.124009362 0.00238776329 0.126397126 0.981109038 0.0188909619
-1.95 0.127029528 0.00257132046 0.129600849 0.980159694 0.0198403057
-1.925 0.130041947 0.00276725835 0.132809205 0.979163655 0.0208363445
-1.9 0.133042625 0.00297626621 0.136018891 0.978118729 0.0218812709
-1.875 0.136027499 0.00319906016 0.139226559 0.97702263 0.0229773699
-1.85 0.138992443 0.00343638335 0.142428826 0.975872979 0.0241270214
-1.825 0.141933277 0.00368900607 0.145622283 0.974667297 0.0253327032
-1.8 0.144845776 0.00395772579 0.148803502 0.973403006 0.0265969936
-1.775 0.147725684 0.00424336703 0.151969051 0.972077426 0.0279225738
-1.75 0.150568716 0.00454678125 0.155115497 0.970687769 0.0293122308
-1.725 0.153370577 0.00486884657 0.158239424 0.969231141 0.0307688594
-1.7 0.156126967 0.00521046741 0.161337434 0.967704535 0.0322954647
-1.675 0.158833592 0.005572574 0.164406166 0.966104836 0.0338951642
-1.65 0.16148618 0.0059561218 0.167442302 0.964428811 0.0355711893
-1.625 0.164080484 0.0063620908 0.170442575 0.962673113 0.0373268873
-1.6 0.166612301 0.00679148462 0.173403786 0.960834277 0.0391657228
-1.575 0.169077479 0.00724532958 0.176322809 0.958908722 0.0410912782
-1.55 0.171471928 0.00772467357 0.179196601 0.956892745 0.0431072549
-1.525 0.173791632 0.00823058477 0.182022217 0.954782527 0.0452174735
-1.5 0.176032663 0.00876415025 0.184796814 0.952574127 0.0474258732
-1.475 0.178191188 0.0093264744 0.187517663 0.950263488 0.0497365116
-1.45 0.180263481 0.0099186772 0.190182158 0.947846437 0.0521535631
-1.425 0.182245935 0.0105418923 0.192787827 0.945318683 0.0546813172
-1.4 0.18413507 0.0111972651 0.195332335 0.942675824 0.0573241759
-1.375 0.185927547 0.0118859504 0.197813497 0.93991335 0.0600866502
-1.35 0.187620173 0.01260911 0.200229283 0.937026644 0.0629733561
-1.325 0.189209916 0.0133679101 0.202577826 0.934010991 0.0659890095
-1.3 0.190693908 0.0141635189 0.204857427 0.93086158 0.0691384203
-1.275 0.192069458 0.0149971032 0.207066561 0.927573515 0.0724264854
-1.25 0.193334058 0.0158698259 0.209203884 0.92414182 0.07585818
-1.225 0.194485394 0.0167828422 0.211268236 0.920561451 0.0794385492
-1.2 0.195521347 0.0177372964 0.213258643 0.916827304 0.0831726965
-1.175 0.196440005 0.0187343187 0.215174323 0.912934228 0.0870657724
-1.15 0.197239665 0.0197750208 0.217014686 0.908877039 0.091122961
-1.125 0.197918843 0.0208604926 0.218779336 0.904650535 0.0953494649
-1.1 0.198476274 0.021991798 0.220468072 0.900249511 0.0997504891
-1.075 0.198910916 0.0231699705 0.222080886 0.895668777 0.104331223
-1.05 0.199221957 0.0243960093 0.223617966 0.890903179 0.109096821
-1.025 0.199408815 0.0256708746 0.22507969 0.885947619 0.114052381
-1 0.19947114 0.0269954833 0.226466623 0.880797078 0.119202922
-0.975 0.199408815 0.028370704 0.227779519 0.875446642 0.124553358
-0.95 0.199221957 0.029797353 0.22901931 0.869891526 0.130108474
-0.925 0.198910916 0.0312761887 0.230187105 0.864127103 0.135872897
-0.9 0.198476274 0.0328079074 0.231284181 0.858148935 0.141851065
-0.875 0.197918843 0.0343931379 0.232311981 0.851952802 0.148047198
-0.85 0.197239665 0.0360324372 0.233272103 0.845534735 0.154465265
-0.825 0.196440005 0.037726285 0.23416629 0.83889105 0.16110895
-0.8 0.195521347 0.0394750792 0.234996426 0.832018385 0.167981615
-0.775 0.194485394 0.0412791308 0.235764525 0.824913732 0.175086268
-0.75 0.193334058 0.0431386594 0.236472718 0.817574476 0.182425524
-0.725 0.192069458 0.045053788 0.237123246 0.809998434 0.190001566
-0.7 0.190693908 0.0470245387 0.237718446 0.802183889 0.197816111
-0.675 0.189209916 0.0490508279 0.238260744 0.794129628 0.205870372
-0.65 0.187620173 0.0511324623 0.238752636 0.785834983 0.214165017
-0.625 0.185927547 0.0532691341 0.239196681 0.777299861 0.222700139
-0.6 0.18413507 0.0554604173 0.239595487 0.768524783 0.231475217
-0.575 0.182245935 0.057705764 0.239951699 0.759510917 0.240489083
-0.55 0.180263481 0.0600045003 0.240267982 0.750260106 0.249739894
-0.525 0.178191188 0.0623558233 0.240547012 0.740774899 0.259225101
-0.5 0.176032663 0.0647587978 0.240791461 0.731058579 0.268941421
-0.475 0.173791632 0.0672123537 0.241003986 0.721115178 0.278884822
-0.45 0.171471928 0.0697152832 0.241187211 0.710949503 0.289050497
-0.425 0.169077479 0.0722662392 0.241343718 0.700567142 0.299432858
-0.4 0.166612301 0.0748637328 0.241476034 0.689974481 0.310025519
-0.375 0.164080484 0.0775061327 0.241586617 0.679178699 0.320821301
-0.35 0.16148618 0.0801916637 0.241677844 0.668187772 0.331812228
-0.325 0.158833592 0.0829184061 0.241751998 0.657010463 0.342989537
-0.3 0.156126967 0.085684296 0.241811263 0.645656306 0.354343694
-0.275 0.153370577 0.0884871254 0.241857702 0.634135591 0.365864409
-0.25 0.150568716 0.0913245427 0.241893259 0.622459331 0.377540669
-0.225 0.147725684 0.0941940546 0.241919738 0.610639234 0.389360766
-0.2 0.144845776 0.0970930275 0.241938804 0.59868766 0.40131234
-0.175 0.141933277 0.10001869 0.241951966 0.586617579 0.413382421
-0.15 0.138992443 0.102968134 0.241960577 0.574442517 0.425557483
-0.125 0.136027499 0.105938323 0.241965822 0.562176501 0.437823499
-0.1 0.133042625 0.108926089 0.241968713 0.549833997 0.450166003
-0.075 0.130041947 0.111928141 0.241970087 0.537429845 0.462570155
-0.05 0.127029528 0.11494107 0.241970599 0.524979187 0.475020813
-0.025 0.124009362 0.117961354 0.241970717 0.512497396 0.487502604
0 0.120985362 0.120985362 0.241970725 0.5 0.5
0.025 0.117961354 0.124009362 0.241970717 0.487502604 0.512497396
0.05 0.11494107 0.127029528 0.241970599 0.475020813 0.524979187
0.075 0.111928141 0.130041947 0.241970087 0.462570155 0.537429845
0.1 0.108926089 0.133042625 0.241968713 0.450166003 0.549833997
0.125 0.105938323 0.136027499 0.241965822 0.437823499 0.562176501
0.15 0.102968134 0.138992443 0.241960577 0.425557483 0.574442517
0.175 0.10001869 0.141933277 0.241951966 0.413382421 0.586617579
0.2 0.0970930275 0.144845776 0.241938804 0.40131234 0.59868766
0.225 0.0941940546 0.147725684 0.241919738 0.389360766 0.610639234
0.25 0.0913245427 0.150568716 0.241893259 0.377540669 0.622459331
0.275 0.0884871254 0.153370577 0.241857702 0.365864409 0.634135591
0.3 0.085684296 0.156126967 0.241811263 0.354343694 0.645656306
0.325 0.0829184061 0.158833592 0.241751998 0.342989537 0.657010463
0.35 0.0801916637 0.16148618 0.241677844 0.331812228 0.668187772
0.375 0.0775061327 0.164080484 0.241586617 0.320821301 0.679178699
0.4 0.0748637328 0.166612301 0.241476034 0.310025519 0.689974481
0.425 0.0722662392 0.169077479 0.241343718 0.299432858 0.700567142
0.45 0.0697152832 0.171471928 0.241187211 0.289050497 0.710949503
0.475 0.0672123537 0.173791632 0.241003986 0.278884822 0.721115178
0.5 0.0647587978 0.176032663 0.240791461 0.268941421 0.731058579
0.525 0.0623558233 0.178191188 0.240547012 0.259225101 0.740774899
0.55 0.0600045003 0.180263481 0.240267982 0.249739894 0.750260106
0.575 0.057705764 0.182245935 0.239951699 0.240489083 0.759510917
0.6 0.0554604173 0.18413507 0.239595487 0.231475217 0.768524783
0.625 0.0532691341 0.185927547 0.239196681 0.222700139 0.777299861
0.65 0.0511324623 0.187620173 0.238752636 0.214165017 0.785834983
0.675 0.0490508279 0.189209916 0.238260744 0.205870372 0.794129628
0.7 0.0470245387 0.190693908 0.237718446 0.197816111 0.802183889
0.725 0.045053788 0.192069458 0.237123246 0.190001566 0.809998434
0.75 0.0431386594 0.193334058 0.236472718 0.182425524 0.817574476
0.775 0.0412791308 0.194485394 0.235764525 0.175086268 0.824913732
0.8 0.0394750792 0.195521347 0.234996426 0.167981615 0.832018385
0.825 0.037726285 0.196440005 0.23416629 0.16110895 0.83889105
0.85 0.0360324372 0.197239665 0.233272103 0.154465265 0.845534735
0.875 0.0343931379 0.197918843 0.232311981 0.148047198 0.851952802
0.9 0.0328079074 0.198476274 0.231284181 0.141851065 0.858148935
0.925 0.0312761887 0.198910916 0.230187105 0.135872897 0.864127103
0.95 0.029797353 0.199221957 0.22901931 0.130108474 0.869891526
0.975 0.028370704 0.199408815 0.227779519 0.124553358 0.875446642
1 0.0269954833 0.19947114 0.226466623 0.119202922 0.880797078
1.025 0.0256708746 0.199408815 0.22507969 0.114052381 0.885947619
1.05 0.0243960093 0.199221957 0.223617966 0.109096821 0.890903179
1.075 0.0231699705 0.198910916 0.222080886 0.104331223 0.895668777
1.1 0.021991798 0.198476274 0.220468072 0.0997504891 0.900249511
1.125 0.0208604926 0.197918843 0.218779336 0.0953494649 0.904650535
1.15 0.0197750208 0.197239665 0.217014686 0.091122961 0.908877039
1.175 0.0187343187 0.196440005 0.215174323 0.0870657724 0.912934228
1.2 0.0177372964 0.195521347 0.213258643 0.0831726965 0.916827304
1.225 0.0167828422 0.194485394 0.211268236 0.0794385492 0.920561451
1.25 0.0158698259 0.193334058 0.209203884 0.07585818 0.92414182
1.275 0.0149971032 0.192069458 0.207066561 0.0724264854 0.927573515
1.3 0.0141635189 0.190693908 0.204857427 0.0691384203 0.93086158
1.325 0.0133679101 0.189209916 0.202577826 0.0659890095 0.934010991
1.35 0.01260911 0.187620173 0.200229283 0.0629733561 0.937026644
1.375 0.0118859504 0.185927547 0.197813497 0.0600866502 0.93991335
1.4 0.0111972651 0.18413507 0.195332335 0.0573241759 0.942675824
1.425 0.0105418923 0.182245935 0.192787827 0.0546813172 0.945318683
1.45 0.0099186772 0.180263481 0.190182158 0.0521535631 0.947846437
1.475 0.0093264744 0.178191188 0.187517663 0.0497365116 0.950263488
1.5 0.00876415025 0.176032663 0.184796814 0.0474258732 0.952574127
1.525 0.00823058477 0.173791632 0.182022217 0.0452174735 0.954782527
1.55 0.00772467357 0.171471928 0.179196601 0.0431072549 0.956892745
1.575 0.00724532958 0.169077479 0.176322809 0.0410912782 0.958908722
1.6 0.00679148462 0.166612301 0.173403786 0.0391657228 0.960834277
1.625 0.0063620908 0.164080484 0.170442575 0.0373268873 0.962673113
1.65 0.0059561218 0.16148618 0.167442302 0.0355711893 0.964428811
1.675 0.005572574 0.158833592 0.164406166 0.0338951642 0.966104836
1.7 0.00521046741 0.156126967 0.161337434 0.0322954647 0.967704535
1.725 0.00486884657 0.153370577 0.158239424 0.0307688594 0.969231141
1.75 0.00454678125 0.150568716 0.155115497 0.0293122308 0.970687769
1.775 0.00424336703 0.147725684 0.151969051 0.0279225738 0.972077426
1.8 0.00395772579 0.144845776 0.148803502 0.0265969936 0.973403006
1.825 0.00368900607 0.141933277 0.145622283 0.0253327032 0.974667297
1.85 0.00343638335 0.138992443 0.142428826 0.0241270214 0.975872979
1.875 0.00319906016 0.136027499 0.139226559 0.0229773699 0.97702263
1.9 0.00297626621 0.133042625 0.136018891 0.0218812709 0.978118729
1.925 0.00276725835 0.130041947 0.132809205 0.0208363445 0.979163655
1.95 0.00257132046 0.127029528 0.129600849 0.0198403057 0.980159694
1.975 0.00238776329 0.124009362 0.126397126 0.0188909619 0.981109038
2 0.00221592421 0.120985362 0.123201286 0.01798621 0.98201379
2.025 0.00205516691 0.117961354 0.120016521 0.0171240333 0.982875967
2.05 0.00190488105 0.11494107 0.116845951 0.0163024994 0.983697501
2.075 0.00176448183 0.111928141 0.113692623 0.0155197566 0.984480243
2.1 0.00163340953 0.108926089 0.110559498 0.0147740317 0.985225968
2.125 0.00151112902 0.105938323 0.107449452 0.014063627 0.985936373
2.15 0.00139712921 0.102968134 0.104365264 0.0133869178 0.986613082
2.175 0.00129092248 0.10001869 0.101309612 0.0127423495 0.987257651
2.2 0.0011920441 0.0970930275 0.0982850716 0.012128435 0.987871565
2.225 0.00110005158 0.0941940546 0.0952941062 0.0115437525 0.988456248
2.25 0.00101452403 0.0913245427 0.0923390667 0.0109869426 0.989013057
2.275 0.000935061539 0.0884871254 0.0894221869 0.0104567062 0.989543294
2.3 0.00086128447 0.085684296 0.0865455805 0.00995180187 0.990048198
2.325 0.000792832792 0.0829184061 0.0837112389 0.00947104358 0.990528956
2.35 0.000729365402 0.0801916637 0.0809210291 0.00901329865 0.990986701
2.375 0.000670559437 0.0775061327 0.0781766922 0.00857748541 0.991422515
2.4 0.000616109584 0.0748637328 0.0754798424 0.00816257115 0.991837429
2.425 0.000565727404 0.0722662392 0.0728319666 0.00776757008 0.99223243
2.45 0.000519140648 0.0697152832 0.0702344239 0.00739154134 0.992608459
2.475 0.000476092586 0.0672123537 0.0676884463 0.00703358715 0.992966413
2.5 0.000436341348 0.0647587978 0.0651951392 0.00669285092 0.993307149
2.525 0.000399659264 0.0623558233 0.0627554826 0.00636851551 0.993631484
2.55 0.000365832231 0.0600045003 0.0603703326 0.00605980149 0.993940199
2.575 0.000334659081 0.057705764 0.0580404231 0.00576596556 0.994234034
2.6 0.000305950965 0.0554604173 0.0557663683 0.0054862989 0.994513701
2.625 0.000279530761 0.0532691341 0.0535486648 0.00522012569 0.994779874
2.65 0.000255232487 0.0511324623 0.0513876948 0.00496680165 0.995033198
2.675 0.000232900738 0.0490508279 0.0492837287 0.0047257126 0.995274287
2.7 0.000212390135 0.0470245387 0.0472369288 0.00449627316 0.995503727
2.725 0.000193564801 0.045053788 0.0452473528 0.00427792542 0.995722075
2.75 0.000176297841 0.0431386594 0.0433149573 0.00407013772 0.995929862
2.775 0.000160470856 0.0412791308 0.0414396017 0.00387240344 0.996127597
2.8 0.000145973463 0.0394750792 0.0396210526 0.0036842399 0.99631576
2.825 0.00013270284 0.037726285 0.0378589878 0.00350518722 0.996494813
2.85 0.00012056329 0.0360324372 0.0361530005 0.00333480731 0.996665193
2.875 0.000109465819 0.0343931379 0.0345026037 0.00317268284 0.996827317
2.9 9.93277357e-05 0.0328079074 0.0329072351 0.00301841632 0.996981584
2.925 9.00722696e-05 0.0312761887 0.031366261 0.00287162916 0.997128371
2.95 8.16282044e-05 0.029797353 0.0298789812 0.00273196076 0.997268039
2.975 7.39295301e-05 0.028370704 0.0284446336 0.00259906776 0.997400932
3 6.69151129e-05 0.0269954833 0.0270623984 0.00247262316 0.997527377
3.025 6.05283799e-05 0.0256708746 0.025731403 0.00235231557 0.997647684
3.05 5.47170217e-05 0.0243960093 0.0244507263 0.00223784852 0.997762151
3.075 4.94327097e-05 0.0231699705 0.0232194032 0.00212893972 0.99787106
3.1 4.46308286e-05 0.021991798 0.0220364288 0.00202532039 0.99797468
3.125 4.02702243e-05 0.0208604926 0.0209007629 0.00192673466 0.998073265
3.15 3.63129652e-05 0.0197750208 0.0198113338 0.00183293894 0.998167061
3.175 3.27241175e-05 0.0187343187 0.0187670428 0.00174370133 0.998256299
3.2 2.94715339e-05 0.0177372964 0.017766768 0.00165880108 0.998341199
3.225 2.65256541e-05 0.0167828422 0.0168093678 0.00157802806 0.998421972
3.25 2.38593183e-05 0.0158698259 0.0158936852 0.00150118226 0.998498818
3.275 2.14475913e-05 0.0149971032 0.0150185508 0.00142807329 0.998571927
3.3 1.92675984e-05 0.0141635189 0.0141827865 0.00135851995 0.99864148
3.325 1.72983712e-05 0.0133679101 0.0133852085 0.00129234978 0.99870765
3.35 1.55207035e-05 0.01260911 0.0126246307 0.00122939862 0.998770601
3.375 1.39170171e-05 0.0118859504 0.0118998674 0.00116951027 0.99883049
3.4 1.24712356e-05 0.0111972651 0.0112097364 0.00111253603 0.998887464
3.425 1.11686678e-05 0.0105418923 0.010553061 0.00105833443 0.998941666
3.45 9.99589835e-06 0.0099186772 0.00992867309 0.00100677082 0.998993229
3.475 8.94068622e-06 0.0093264744 0.00933541508 0.000957717052 0.999042283
3.5 7.99187055e-06 0.00876415025 0.00877214212 0.000911051194 0.999088949
3.525 7.13928295e-06 0.00823058477 0.00823772405 0.000866657211 0.999133343
3.55 6.37366619e-06 0.00772467357 0.00773104723 0.000824424686 0.999175575
3.575 5.68659894e-06 0.00724532958 0.00725101618 0.000784248553 0.999215751
3.6 5.07042603e-06 0.00679148462 0.00679655504 0.000746028834 0.999253971
3.625 4.51819394e-06 0.0063620908 0.00636660899 0.000709670399 0.99929033
3.65 4.02359123e-06 0.0059561218 0.0059601454 0.000675082731 0.999324917
3.675 3.58089348e-06 0.005572574 0.00557615489 0.000642179701 0.99935782
3.7 3.18491259e-06 0.00521046741 0.00521365232 0.000610879359 0.999389121
3.725 2.83095e-06 0.00486884657 0.00487167752 0.000581103734 0.999418896
3.75 2.51475364e-06 0.00454678125 0.004549296 0.000552778637 0.999447221
3.775 2.23247837e-06 0.00424336703 0.00424559951 0.000525833481 0.999474167
3.8 1.98064955e-06 0.00395772579 0.00395970644 0.000500201107 0.999499799
3.825 1.75612968e-06 0.00368900607 0.0036907622 0.000475817619 0.999524182
3.85 1.55608779e-06 0.00343638335 0.00343793943 0.000452622223 0.999547378
3.875 1.3779713e-06 0.00319906016 0.00320043813 0.000430557081 0.999569443
3.9 1.21948037e-06 0.00297626621 0.00297748569 0.000409567165 0.999590433
3.925 1.07854439e-06 0.00276725835 0.0027683369 0.000389600121 0.9996104
3.95 9.53300452e-07 0.00257132046 0.00257227376 0.000370606141 0.999629394
3.975 8.4207377e-07 0.00238776329 0.00238860536 0.000352537838 0.999647462
4 7.43359757e-07 0.00221592421 0.00221666757 0.00033535013 0.99966465
